1,0000003615,2,160450,,2019-06-22 11:39:13,1,y,201906221142350005,6,2019,63300,,,y,0005
2,0000003240,5,50000,,2019-06-22 11:39:13,1,y,201906221142350005,6,2019,63305,,,y,0005
3,0000003241,5,50000,,2019-06-22 11:39:13,1,y,201906221142350005,6,2019,63306,,,y,0005
4,0000003335,1,50000,,2019-06-22 11:39:13,1,y,201906221142350005,6,2019,63307,,,y,0005
5,0000003769,1,500000,,2019-06-22 11:39:13,1,y,201906221142350005,6,2019,63309,,,y,0005
6,0000001256,1,100000,,2019-06-22 11:39:13,1,y,201906221142350005,6,2019,63310,,,y,0005
7,0000003464,4,50000,,2019-06-22 11:39:13,1,y,201906221142350005,6,2019,63313,,,y,0005
8,0000003438,1,200000,,2019-06-22 11:39:13,1,y,201906221142350005,6,2019,63316,,,y,0005
9,0000002581,1,150000,,2019-06-22 11:39:13,1,y,201906221142350005,6,2019,63319,,,y,0005
10,0000002738,1,100000,,2019-06-22 11:39:13,1,y,201906221142350005,6,2019,63328,,,y,0005
11,0000003445,1,50000,,2019-06-22 11:39:13,1,y,201906221142350005,6,2019,63329,,,y,0005
12,0000003484,1,100000,,2019-06-22 11:39:13,1,y,201906221142350005,6,2019,63332,,,y,0005
13,0000001383,2,50000,,2019-06-22 11:39:13,1,y,201906221142350005,6,2019,63334,,,y,0005
14,0000003137,1,100000,,2019-06-22 11:39:13,1,y,201906221142350005,6,2019,63335,,,y,0005
15,0000003524,3,150000,,2019-06-22 11:39:13,1,y,201906221142350005,6,2019,63338,,,y,0005
16,0000003276,1,100000,,2019-06-22 11:39:13,1,y,201906221142350005,6,2019,63340,,,y,0005
17,0000003169,2,50000,,2019-06-22 11:39:13,1,y,201906221142350005,6,2019,63341,,,y,0005
18,0000003171,2,50000,,2019-06-22 11:39:13,1,y,201906221142350005,6,2019,63342,,,y,0005
19,0000002894,1,50000,,2019-06-22 11:39:13,1,y,201906221142350005,6,2019,63343,,,y,0005
20,0000001995,2,50000,,2019-06-22 11:39:13,1,y,201906221142350005,6,2019,63350,,,y,0005
21,0000003802,1,50000,,2019-06-22 11:39:13,1,y,201906221142350005,6,2019,63354,,,y,0005
22,0000003803,1,50000,,2019-06-22 11:39:13,1,y,201906221142350005,6,2019,63355,,,y,0005
23,0000002976,2,400000,,2019-06-22 11:39:13,1,y,201906221142350005,6,2019,63356,,,y,0005
24,0000003316,1,20000,,2019-06-22 11:39:13,1,y,201906221142350005,6,2019,63359,,,y,0005
25,0000003204,1,150000,,2019-06-22 11:39:13,1,y,201906221142350005,6,2019,63360,,,y,0005
26,0000002940,4,500000,,2019-06-22 11:39:13,1,y,201906221142350005,6,2019,63364,,,y,0005
27,0000002940,5,500000,,2019-06-22 11:39:13,1,y,201906221142350005,6,2019,63365,,,y,0005
28,0000003505,4,50000,,2019-06-22 11:39:13,1,y,201906221142350005,6,2019,63371,,,y,0005
29,0000003599,2,300000,,2019-06-22 11:39:13,1,y,201906221142350005,6,2019,63375,,,y,0005
30,0000003462,1,50000,,2019-06-22 11:39:13,1,y,201906221142350005,6,2019,63376,,,y,0005
31,0000003064,1,50000,,2019-06-22 11:39:13,1,y,201906221142350005,6,2019,63377,,,y,0005
32,0000003546,1,100000,,2019-06-22 11:39:13,1,y,201906221142350005,6,2019,63378,,,y,0005
33,0000002604,1,200000,,2019-06-22 11:39:13,1,y,201906221142350005,6,2019,63379,,,y,0005
34,0000003347,4,100000,,2019-06-22 11:39:13,1,y,201906221142350005,6,2019,63380,,,y,0005
35,0000003001,1,100000,,2019-06-22 11:39:13,1,y,201906221142350005,6,2019,63383,,,y,0005
36,0000003548,1,100000,,2019-06-22 11:39:13,1,y,201906221142350005,6,2019,63388,,,y,0005
37,0000000563,2,50000,,2019-06-22 11:39:13,1,y,201906221142350005,6,2019,63397,,,y,0005
38,0000003005,2,150000,,2019-06-22 11:39:13,1,y,201906221142350005,6,2019,63404,,,y,0005
39,0000002572,3,75000,,2019-06-22 11:39:13,1,y,201906221142350005,6,2019,63413,,,y,0005
40,0000003465,4,50000,,2019-06-22 11:39:13,1,y,201906221142350005,6,2019,63416,,,y,0005
41,0000003801,1,50000,,2019-06-22 11:39:13,1,y,201906221142350005,6,2019,63417,,,y,0005
42,0000003738,1,50000,,2019-06-22 11:39:13,1,y,201906221142350005,6,2019,63418,,,y,0005
43,0000003797,1,50000,,2019-06-22 11:39:13,1,y,201906221142350005,6,2019,63419,,,y,0005
44,0000003616,2,57053,,2019-06-22 11:39:13,1,y,201906221142350005,6,2019,63427,,,y,0005
45,0000003617,2,59553,,2019-06-22 11:39:13,1,y,201906221142350005,6,2019,63428,,,y,0005
46,0000003618,2,57553,,2019-06-22 11:39:13,1,y,201906221142350005,6,2019,63429,,,y,0005
47,0000003619,2,59650,,2019-06-22 11:39:13,1,y,201906221142350005,6,2019,63430,,,y,0005
48,0000003620,2,68975,,2019-06-22 11:39:13,1,y,201906221142350005,6,2019,63431,,,y,0005
49,0000003621,2,73078,,2019-06-22 11:39:13,1,y,201906221142350005,6,2019,63432,,,y,0005
50,0000003622,2,76346,,2019-06-22 11:39:13,1,y,201906221142350005,6,2019,63433,,,y,0005
51,0000003623,2,72475,,2019-06-22 11:39:13,1,y,201906221142350005,6,2019,63434,,,y,0005
52,0000003624,2,81633,,2019-06-22 11:39:13,1,y,201906221142350005,6,2019,63435,,,y,0005
53,0000003625,2,77228,,2019-06-22 11:39:13,1,y,201906221142350005,6,2019,63436,,,y,0005
54,0000003626,2,231559,,2019-06-22 11:39:13,1,y,201906221142350005,6,2019,63437,,,y,0005
55,0000003627,2,207795,,2019-06-22 11:39:13,1,y,201906221142350005,6,2019,63438,,,y,0005
56,0000003275,1,300000,,2019-06-22 11:39:13,1,y,201906221142350005,6,2019,63440,,,y,0005
57,0000003587,1,100000,,2019-06-22 11:39:13,1,y,201906221142350005,6,2019,63446,,,y,0005
58,0000003414,1,200000,,2019-06-22 11:39:13,1,y,201906221142350005,6,2019,63447,,,y,0005
59,0000003768,1,150000,,2019-06-22 11:39:13,1,y,201906221142350005,6,2019,63451,,,y,0005
60,0000003560,1,100000,,2019-06-22 11:39:13,1,y,201906221142350005,6,2019,63455,,,y,0005
61,0000003799,1,50000,,2019-06-22 11:39:30,1,y,201906221142350005,6,2019,63302,,,y,0005
62,0000003506,1,50000,,2019-06-22 11:40:21,1,y,201906221142350005,6,2019,63372,,,y,0005
63,0000003811,1,200000,,2019-06-22 11:40:53,1,y,201906221142350005,6,2019,63314,,,y,0005
64,0000002699,1,100000,,2019-06-22 11:41:26,1,y,201906221142350005,6,2019,63398,,,y,0005
65,0000002700,1,100000,,2019-06-22 11:41:35,1,y,201906221142350005,6,2019,63399,,,y,0005
66,0000003008,1,100000,,2019-06-22 11:43:53,1,y,201906221143550005,6,2019,63460,,,y,0005
67,0000003115,1,250000,,2019-06-24 07:32:42,1,y,201906240732460005,6,2019,63325,,,y,0005
68,0000003569,1,100000,,2019-06-24 10:45:13,1,y,201906241045150005,6,2019,63303,,,y,0005
69,0000003815,1,100000,,2019-06-26 08:00:12,1,y,201906260800240005,6,2019,63439,,,y,0005
70,0000003165,1,100000,,2019-06-26 08:00:22,1,y,201906260800240005,6,2019,63382,,,y,0005
0005,1,3870000,201906221142350005,2019-06-22 11:42:35,y
0005,2,2383348,201906221142350005,2019-06-22 11:42:35,y
0005,3,225000,201906221142350005,2019-06-22 11:42:35,y
0005,4,750000,201906221142350005,2019-06-22 11:42:35,y
0005,5,600000,201906221142350005,2019-06-22 11:42:35,y
0005,1,100000,201906221143550005,2019-06-22 11:43:55,y
0005,1,250000,201906240732460005,2019-06-24 07:32:46,y
0005,1,100000,201906241045150005,2019-06-24 10:45:15,y
0005,1,200000,201906260800240005,2019-06-26 08:00:24,y
